5170757633
5179623426
5172371459
5141272580
5176735754
5092730894
5173354511
5157191694
5145067536
5171122192
5170903061
5152079894
5156829207
5151027224
5106706458
5137461275
5188136988
5163931675
5163563035
5171664925
5172877345
5183412259
5171818533
5160038439
5167781934
5170702383
5179299894
5090003001
5169094714
5182367803
5074427964
5187045438
5172277311
5174236141
5169104962
5157709901
5118171218
5154523219
5178480727
5143007322
5181206621
5178837087
5175509088
5143898211
5118083173
5168414825
5178757229
5159940206
5100105839
5169649775
5145206895
5186713714
5182345330
5144969332
5173407857
5164030067
5158969455
5174511736
5142591609
5176905857
5174454408
5180348554
5158137995
5155827853
5157795982
5171218573
5173338256
5171660944
5165871250
5091790998
5170682008
5188460697
5153525916
5172865180
5168296094
5164101791
5186982045
5178783911
5159188650
5176944811
5174124719
5171116207
5167046833
5080785071
5144602806
5179904183
5097566394
5182083262
5173895360
5096196292
5177682118
5146282186
5092862159
5180025040
5179658452
5180119256
5182341338
5162825948
5180113130
5177911540
5174401273
5183289596
5187508478
5089995008
5089425668
5152176388
5162289412
5156952327
5180496135
5154904332
5179992332
5109395736
5100118302
5187930401
5174327589
5178853670
5171216679
5176895784
5100171561
5182808364
5154973997
5182955821
5159295286
5171917111
5178962231
5170172221
5180041535
5171913023
5165160769
5177665860
5174493508
5158138184
5150908746
5180369228
5174233422
5187567951
5166604624
5094850897
5089550673
5146798417
5168191829
5154253144
5146913115
5146585442
5155801443
5145164132
5176813925
5170872676
5174417768
5095324009
5080965480
5153876331
5103743341
5080547697
5174071666
5153522036
5153565046
5091144056
5170612601
5153460600
5178507641
5177010556
5172869501
5170184572
5173600639
5165341058
5179838851
5187176841
5187010955
5185319309
5143591312
5165146514
5151279512
5165871512
5157034399
5170958753
5151293859
5159008676
5156876708
5176940968
5168865706
5103139244
5172177325
5162240430
5166870957
5176844723
5143048628
5182087605
5180098998
5168052667
5171628476
5140851134
5179666880
5176129986
5157059011
5183418818
5154693574
5171040712
5156121033
5161816522
5156469194
5176545738
5173187019
5144189390
5146952143
5185176016
5166754255
5142866377
5170178513
5156155860
5074119124
5159193043
5163362775
5158851039
5163250145
5162369508
5170160100
5168079334
5170635239
5183924716
5170217456
5157825009
5156348402
5151236593
5185913329
5178665461
5172591093
5182431736
5159959034
5182749180
5106833919
5178851850
5171788299
5176982028
5176773132
5144386062
5102008844
5092030994
5178311189
5178843671
5157102103
5177886712
5097712154
5169261090
5188684323
5176861220
5176392230
5181188647
5178008105
5172945451
5182190123
5181698605
5165105714
5114126899
5143126580
5117164085
5175124531
5154978359
5181069880
5142641212
5090656829
5184584254
5178141129
5186423361
5089714756
5153561157
5188432464
5158079056
5180842578
5187738197
5153602138
5172675171
5146049123
5176842853
5179038310
5170428520
5187601001
5078522474
5153542763
5153507950
5114122864
5186071154
5182478963
5140753012
5173322356
5186257526
5154447991
5157231224
5179359864
5156022908
5161206396
5186292350
5155832449
5147626113
5157124739
5186099844
5180246664
5171784331
5181033100
5091906189
5091877518
5119758993
5179384467
5178280595
5146249880
5099444889
5186695833
5169488539
5182399133
5166101153
5160362657
5186269867
5177877165
5120162479
5142598320
5171167921
5187795633
5172767410
5153524407
5154038460
5118126781
5157886657
5153950406
5163317959
5084748497
5183152852
5175177945
5178553050
5176425178
5181461216
5182929633
5157728995
5178919653
5170035431
5176650472
5176564456
5170559721
5158560491
5170471661
5170989806
5176724208
5158181618
5157128948
5182558965
5164829431
5158226680
5178026745
5183159033
5155113723
5187461885
5084142333
5118300929
5083095810
5162586883
5171161860
5170893573
5172630279
5145250569
5080898314
5153499915
5172251404
5075852042
5171088143
5103203090
5171905298
5099467540
5140978451
5147740959
5153272608
5092217634
5140992803
5083235107
5176871720
5173961514
5097667372
5116818221
5146129197
5153870641
5187132210
5178000180
5151222585
5181160253
5182802752
5180506944
5145428801
5178688324
5170983752
5176859473
5151296343
5169535832
5142934362
5157989211
5186323297
5152328553
5160428395
5176398701
5170961263
5188608883
5146710899
5142940536
5170561912
5179026298
5166846844
5175542654
5181133696
5162548099
5172294532
5178846084
5170709382
5159234443
5187955596
5156533133
5165845389
5153921931
5153436560
5147657106
5177998227
5085146002
5176777621
5187892117
5102717845
5154812824
5180414872
5151107994
5186806681
5098507163
5143237534
5143055265
5154026402
5146182567
5163795368
5156801449
5158566826
5158738856
5142000556
5188451240
5078115242
5180236725
5095328697
5078418362
5170615230
5146688447
5101206463
5169556417
5099680703
5174092739
5186943941
5153596362
5187939276
5160221644
5141662670
5158519760
5145031638
5183927256
5180410850
5188250598
5152363495
5153516519
5083130855
5162785773
5103211502
5187738605
5156514800
5185367023
5177832432
5160066032
5171028979
5168221173
5146491893
5171921911
5159556088
5172024318
5157923841
5171938309
5084945416
5165964297
5100137483
5161925648
5182227479
5162601500
5172861981
5163754527
5089895460
5090649128
5182542888
5171395628
5153952815
5075663924
5101292598
5175557176
5074226234
5167621180
5158798400
5171438656
5171393600
5184730180
5183933512
5144147023
5101179985
5180957778
5172845651
5159271508
5074250835
5176974422
5187120216
5117080665
5174025307
5169763421
5161524320
5178969185
5179724899
5092725861
5152300135
5144071272
5094927471
5080882287
5159302256
5152439414
5168229497
5181783162
5160518780
5092435073
5145320580
5177746564
5143866507
5163791501
5177984145
5182663832
5174262942
5171829920
5142897826
5181439143
5178856619
5114086574
5089832111
5160062130
5173124278
5143170234
5168520381
5149856958
5160322239
5151149255
5179833544
5178725576
5139635402
5185117392
5183831249
5161299156
5155816670
5168219370
5171852525
5174068464
5118350579
5155968244
5171809523
5160932598
5163922680
5142717688
5169616122
5186944252
5154723071
5098552580
5166781706
5160353037
5148556560
5143491856
5099957525
5169409303
5177650458
5158810908
5157969183
5156166943
5153551654
5176939815
5158972716
5156949293
5147702573
5171885361
5151374649
5154256187
5169413440
5182780736
5170412866
5156349251
5160226116
5170451777
5173970252
5144001872
5154573648
5171373394
5165049169
5174213972
5163349335
5153424729
5153533276
5146795357
5157094750
5170435422
5170863460
5146144100
5181885800
5153836398
5180314991
5169651056
5174263151
5153078640
5178965364
5143227766
5173822841
5176792445
5174226308
5183311237
5182451078
5171783045
5178639752
5173390734
5165434262
5166550422
5165768089
5186391452
5074324893
5179092383
5161389473
5179854242
5181357476
5127165349
5119999401
5163746733
5143692718
5176614319
5180401072
5143143856
5141401010
5102771633
5168029105
5166888375
5140884920
5163978169
5146924475
5166869948
5145230782
5100271040
5166726592
5175848387
5187620295
5146250700
5183585742
5139906001
5160125906
5117019606
5174056409
5166097882
5181439451
5142812123
5172862429
5165702629
5156910566
5170193898
5161473516
5171072496
5188734453
5178832374
5097680380
5156021759
5170898433
5171691010
5157051909
5181761030
5118105097
5173892623
5168549393
5154500114
5153441299
5149081109
5164776982
5176735257
5153873434
5186692636
5159114271
5147729441
5118285347
5085210147
5170992687
5146263092
5160494645
5159974455
5175520827
5091880510
5145835071
5173968448
5103113796
5178912327
5177933384
5179100746
5173306954
5155817036
5137493587
5140780627
5144901206
5144338007
5179661911
5160027742
5173861982
5162434145
5181980259
5155149417
5162262122
5153779310
5186139758
5171869296
5146922606
5176317556
5187659384
5160351353
5153513081
5102167677
5090068093
5145198207
5178936959
5172369021
5165878917
5149812360
5142969996
5178259087
5157944975
5187755666
5144022685
5176503968
5074413223
5185892016
5159964337
5142924977
5187024564
5170996917
5171783349
5178490552
5188173498
5149081274
5143985853
5173800638
5160113861
5157910216
5090633416
5146900169
5181808331
5180274393
5177708255
5156085477
5161293541
5162641128
5178355435
5171648237
5090725614
5169473265
5178074866
5186567924
5074269941
5165373175
5142742777
5174486784
5140756226
5155127044
5154637573
5160210186
5181521674
5166585614
5098526479
5171379982
5127008017
5172385554
5155557139
5171810068
5170820881
5146216212
5180018451
5153572626
5168025370
5163798298
5085222685
5176919839
5182201632
5159991075
5162669860
5166636836
5183514407
5143011113
5160701737
5142353709
5177810734
5183113007
5178984249
5180100414
5173933887
5169600323
5116841796
5185419078
5130268488
5155919688
5179002700
5161537356
5120014159
5179420495
5163931471
5169653591
5158082393
5116757852
5156829022
5180061535
5187055464
5173251946
5165025131
5157953388
5167830891
5172328302
5187104620
5182914414
5166331761
5166253945
5089468284
5153499007
5186207620
5182586757
5181755274
5174067083
5159069580
5089431437
5166958478
5171939215
5160075154
5179369367
5170876312
5180942234
5146955677
5089931165
5176758175
5158197151
5160195999
5142933410
5152399267
5182187426
5183766438
5178984359
5176975274
5161029547
5183844266
5150986160
5169446836
5090742197
5157019573
5174247349
5167011768
5182056373
5145501622
5165012923
5172604862
5182275520
5153476545
5095268290
5185339338
5169360843
5103146959
5153548240
5167073233
5171787730
5173153748
5089767386
5153525723
5184374746
5171210205
5173802973
5159970783
5149880291
5109448676
5159942117
5156165606
5168635879
5181501418
5175408619
5100972012
5142685676
5179860983
5145454584
5101260797
